row 2 	0 	1 	6 	7 	4 	5 	10 	11 	8 	9 	14 	15 	12 	13 	18 	19 	
row 3 	1 	0 	7 	6 	5 	4 	11 	10 	9 	8 	15 	14 	13 	12 	19 	18 	
row 4 	6 	7 	0 	1 	2 	3 	12 	13 	14 	15 	8 	9 	10 	11 	20 	21 	
row 5 	7 	6 	1 	0 	3 	2 	13 	12 	15 	14 	9 	8 	11 	10 	21 	20 	
row 6 	4 	5 	2 	3 	0 	1 	14 	15 	12 	13 	10 	11 	8 	9 	22 	23 	
row 7 	5 	4 	3 	2 	1 	0 	15 	14 	13 	12 	11 	10 	9 	8 	23 	22 	
row 8 	10 	11 	12 	13 	14 	15 	0 	1 	2 	3 	4 	5 	6 	7 	24 	25 	
row 9 	11 	10 	13 	12 	15 	14 	1 	0 	3 	2 	5 	4 	7 	6 	25 	24 	
row 10 	8 	9 	14 	15 	12 	13 	2 	3 	0 	1 	6 	7 	4 	5 	26 	27 	
row 11 	9 	8 	15 	14 	13 	12 	3 	2 	1 	0 	7 	6 	5 	4 	27 	26 	
row 12 	14 	15 	8 	9 	10 	11 	4 	5 	6 	7 	0 	1 	2 	3 	28 	29 	
row 13 	15 	14 	9 	8 	11 	10 	5 	4 	7 	6 	1 	0 	3 	2 	29 	28 	
row 14 	12 	13 	10 	11 	8 	9 	6 	7 	4 	5 	2 	3 	0 	1 	30 	31 	
row 15 	13 	12 	11 	10 	9 	8 	7 	6 	5 	4 	3 	2 	1 	0 	31 	30 	
row 16 	18 	19 	20 	21 	22 	23 	24 	25 	26 	27 	28 	29 	30 	31 	0 	1 	
row 17 	19 	18 	21 	20 	23 	22 	25 	24 	27 	26 	29 	28 	31 	30 	1 	0 	

row 12 	0 	1 	
row 13 	1 	0 	

row 7 	0 	15 	14 	13 	12 	11 	10 	9 	8 	23 	22 	21 	20 	19 	
row 8 	15 	0 	1 	2 	3 	4 	5 	6 	7 	24 	25 	26 	27 	28 	
row 9 	14 	1 	0 	3 	2 	5 	4 	7 	6 	25 	24 	27 	26 	29 	
row 10 	13 	2 	3 	0 	1 	6 	7 	4 	5 	26 	27 	24 	25 	30 	
row 11 	12 	3 	2 	1 	0 	7 	6 	5 	4 	27 	26 	25 	24 	31 	
row 12 	11 	4 	5 	6 	7 	0 	1 	2 	3 	28 	29 	30 	31 	24 	
row 13 	10 	5 	4 	7 	6 	1 	0 	3 	2 	29 	28 	31 	30 	25 	
row 14 	9 	6 	7 	4 	5 	2 	3 	0 	1 	30 	31 	28 	29 	26 	
row 15 	8 	7 	6 	5 	4 	3 	2 	1 	0 	31 	30 	29 	28 	27 	
row 16 	23 	24 	25 	26 	27 	28 	29 	30 	31 	0 	1 	2 	3 	4 	
row 17 	22 	25 	24 	27 	26 	29 	28 	31 	30 	1 	0 	3 	2 	5 	
row 18 	21 	26 	27 	24 	25 	30 	31 	28 	29 	2 	3 	0 	1 	6 	
row 19 	20 	27 	26 	25 	24 	31 	30 	29 	28 	3 	2 	1 	0 	7 	
row 20 	19 	28 	29 	30 	31 	24 	25 	26 	27 	4 	5 	6 	7 	0 	

row 3 	0 	7 	6 	5 	4 	11 	10 	9 	8 	15 	14 	
row 4 	7 	0 	1 	2 	3 	12 	13 	14 	15 	8 	9 	
row 5 	6 	1 	0 	3 	2 	13 	12 	15 	14 	9 	8 	
row 6 	5 	2 	3 	0 	1 	14 	15 	12 	13 	10 	11 	
row 7 	4 	3 	2 	1 	0 	15 	14 	13 	12 	11 	10 	
row 8 	11 	12 	13 	14 	15 	0 	1 	2 	3 	4 	5 	
row 9 	10 	13 	12 	15 	14 	1 	0 	3 	2 	5 	4 	
row 10 	9 	14 	15 	12 	13 	2 	3 	0 	1 	6 	7 	
row 11 	8 	15 	14 	13 	12 	3 	2 	1 	0 	7 	6 	
row 12 	15 	8 	9 	10 	11 	4 	5 	6 	7 	0 	1 	
row 13 	14 	9 	8 	11 	10 	5 	4 	7 	6 	1 	0 	

row 1 	0 	3 	2 	5 	4 	7 	6 	9 	8 	
row 2 	3 	0 	1 	6 	7 	4 	5 	10 	11 	
row 3 	2 	1 	0 	7 	6 	5 	4 	11 	10 	
row 4 	5 	6 	7 	0 	1 	2 	3 	12 	13 	
row 5 	4 	7 	6 	1 	0 	3 	2 	13 	12 	
row 6 	7 	4 	5 	2 	3 	0 	1 	14 	15 	
row 7 	6 	5 	4 	3 	2 	1 	0 	15 	14 	
row 8 	9 	10 	11 	12 	13 	14 	15 	0 	1 	
row 9 	8 	11 	10 	13 	12 	15 	14 	1 	0 	

row 24 	0 	1 	2 	3 	4 	5 	6 	7 	56 	
row 25 	1 	0 	3 	2 	5 	4 	7 	6 	57 	
row 26 	2 	3 	0 	1 	6 	7 	4 	5 	58 	
row 27 	3 	2 	1 	0 	7 	6 	5 	4 	59 	
row 28 	4 	5 	6 	7 	0 	1 	2 	3 	60 	
row 29 	5 	4 	7 	6 	1 	0 	3 	2 	61 	
row 30 	6 	7 	4 	5 	2 	3 	0 	1 	62 	
row 31 	7 	6 	5 	4 	3 	2 	1 	0 	63 	
row 32 	56 	57 	58 	59 	60 	61 	62 	63 	0 	

row 22 	0 	1 	14 	15 	12 	13 	10 	
row 23 	1 	0 	15 	14 	13 	12 	11 	
row 24 	14 	15 	0 	1 	2 	3 	4 	
row 25 	15 	14 	1 	0 	3 	2 	5 	
row 26 	12 	13 	2 	3 	0 	1 	6 	
row 27 	13 	12 	3 	2 	1 	0 	7 	
row 28 	10 	11 	4 	5 	6 	7 	0 	

row 15 	0 	31 	30 	29 	28 	
row 16 	31 	0 	1 	2 	3 	
row 17 	30 	1 	0 	3 	2 	
row 18 	29 	2 	3 	0 	1 	
row 19 	28 	3 	2 	1 	0 	

row 13 	0 	3 	2 	29 	28 	31 	30 	25 	24 	27 	26 	21 	20 	23 	22 	17 	
row 14 	3 	0 	1 	30 	31 	28 	29 	26 	27 	24 	25 	22 	23 	20 	21 	18 	
row 15 	2 	1 	0 	31 	30 	29 	28 	27 	26 	25 	24 	23 	22 	21 	20 	19 	
row 16 	29 	30 	31 	0 	1 	2 	3 	4 	5 	6 	7 	8 	9 	10 	11 	12 	
row 17 	28 	31 	30 	1 	0 	3 	2 	5 	4 	7 	6 	9 	8 	11 	10 	13 	
row 18 	31 	28 	29 	2 	3 	0 	1 	6 	7 	4 	5 	10 	11 	8 	9 	14 	
row 19 	30 	29 	28 	3 	2 	1 	0 	7 	6 	5 	4 	11 	10 	9 	8 	15 	
row 20 	25 	26 	27 	4 	5 	6 	7 	0 	1 	2 	3 	12 	13 	14 	15 	8 	
row 21 	24 	27 	26 	5 	4 	7 	6 	1 	0 	3 	2 	13 	12 	15 	14 	9 	
row 22 	27 	24 	25 	6 	7 	4 	5 	2 	3 	0 	1 	14 	15 	12 	13 	10 	
row 23 	26 	25 	24 	7 	6 	5 	4 	3 	2 	1 	0 	15 	14 	13 	12 	11 	
row 24 	21 	22 	23 	8 	9 	10 	11 	12 	13 	14 	15 	0 	1 	2 	3 	4 	
row 25 	20 	23 	22 	9 	8 	11 	10 	13 	12 	15 	14 	1 	0 	3 	2 	5 	
row 26 	23 	20 	21 	10 	11 	8 	9 	14 	15 	12 	13 	2 	3 	0 	1 	6 	
row 27 	22 	21 	20 	11 	10 	9 	8 	15 	14 	13 	12 	3 	2 	1 	0 	7 	
row 28 	17 	18 	19 	12 	13 	14 	15 	8 	9 	10 	11 	4 	5 	6 	7 	0 	

row 13 	0 	3 	2 	29 	28 	31 	30 	25 	24 	27 	26 	21 	20 	23 	22 	17 	16 	19 	18 	45 	
row 14 	3 	0 	1 	30 	31 	28 	29 	26 	27 	24 	25 	22 	23 	20 	21 	18 	19 	16 	17 	46 	
row 15 	2 	1 	0 	31 	30 	29 	28 	27 	26 	25 	24 	23 	22 	21 	20 	19 	18 	17 	16 	47 	
row 16 	29 	30 	31 	0 	1 	2 	3 	4 	5 	6 	7 	8 	9 	10 	11 	12 	13 	14 	15 	48 	
row 17 	28 	31 	30 	1 	0 	3 	2 	5 	4 	7 	6 	9 	8 	11 	10 	13 	12 	15 	14 	49 	
row 18 	31 	28 	29 	2 	3 	0 	1 	6 	7 	4 	5 	10 	11 	8 	9 	14 	15 	12 	13 	50 	
row 19 	30 	29 	28 	3 	2 	1 	0 	7 	6 	5 	4 	11 	10 	9 	8 	15 	14 	13 	12 	51 	
row 20 	25 	26 	27 	4 	5 	6 	7 	0 	1 	2 	3 	12 	13 	14 	15 	8 	9 	10 	11 	52 	
row 21 	24 	27 	26 	5 	4 	7 	6 	1 	0 	3 	2 	13 	12 	15 	14 	9 	8 	11 	10 	53 	
row 22 	27 	24 	25 	6 	7 	4 	5 	2 	3 	0 	1 	14 	15 	12 	13 	10 	11 	8 	9 	54 	
row 23 	26 	25 	24 	7 	6 	5 	4 	3 	2 	1 	0 	15 	14 	13 	12 	11 	10 	9 	8 	55 	
row 24 	21 	22 	23 	8 	9 	10 	11 	12 	13 	14 	15 	0 	1 	2 	3 	4 	5 	6 	7 	56 	
row 25 	20 	23 	22 	9 	8 	11 	10 	13 	12 	15 	14 	1 	0 	3 	2 	5 	4 	7 	6 	57 	
row 26 	23 	20 	21 	10 	11 	8 	9 	14 	15 	12 	13 	2 	3 	0 	1 	6 	7 	4 	5 	58 	
row 27 	22 	21 	20 	11 	10 	9 	8 	15 	14 	13 	12 	3 	2 	1 	0 	7 	6 	5 	4 	59 	
row 28 	17 	18 	19 	12 	13 	14 	15 	8 	9 	10 	11 	4 	5 	6 	7 	0 	1 	2 	3 	60 	
row 29 	16 	19 	18 	13 	12 	15 	14 	9 	8 	11 	10 	5 	4 	7 	6 	1 	0 	3 	2 	61 	
row 30 	19 	16 	17 	14 	15 	12 	13 	10 	11 	8 	9 	6 	7 	4 	5 	2 	3 	0 	1 	62 	
row 31 	18 	17 	16 	15 	14 	13 	12 	11 	10 	9 	8 	7 	6 	5 	4 	3 	2 	1 	0 	63 	
row 32 	45 	46 	47 	48 	49 	50 	51 	52 	53 	54 	55 	56 	57 	58 	59 	60 	61 	62 	63 	0 	

row 13 	0 	3 	2 	29 	28 	31 	30 	25 	24 	27 	26 	21 	20 	23 	22 	17 	16 	19 	
row 14 	3 	0 	1 	30 	31 	28 	29 	26 	27 	24 	25 	22 	23 	20 	21 	18 	19 	16 	
row 15 	2 	1 	0 	31 	30 	29 	28 	27 	26 	25 	24 	23 	22 	21 	20 	19 	18 	17 	
row 16 	29 	30 	31 	0 	1 	2 	3 	4 	5 	6 	7 	8 	9 	10 	11 	12 	13 	14 	
row 17 	28 	31 	30 	1 	0 	3 	2 	5 	4 	7 	6 	9 	8 	11 	10 	13 	12 	15 	
row 18 	31 	28 	29 	2 	3 	0 	1 	6 	7 	4 	5 	10 	11 	8 	9 	14 	15 	12 	
row 19 	30 	29 	28 	3 	2 	1 	0 	7 	6 	5 	4 	11 	10 	9 	8 	15 	14 	13 	
row 20 	25 	26 	27 	4 	5 	6 	7 	0 	1 	2 	3 	12 	13 	14 	15 	8 	9 	10 	
row 21 	24 	27 	26 	5 	4 	7 	6 	1 	0 	3 	2 	13 	12 	15 	14 	9 	8 	11 	
row 22 	27 	24 	25 	6 	7 	4 	5 	2 	3 	0 	1 	14 	15 	12 	13 	10 	11 	8 	
row 23 	26 	25 	24 	7 	6 	5 	4 	3 	2 	1 	0 	15 	14 	13 	12 	11 	10 	9 	
row 24 	21 	22 	23 	8 	9 	10 	11 	12 	13 	14 	15 	0 	1 	2 	3 	4 	5 	6 	
row 25 	20 	23 	22 	9 	8 	11 	10 	13 	12 	15 	14 	1 	0 	3 	2 	5 	4 	7 	
row 26 	23 	20 	21 	10 	11 	8 	9 	14 	15 	12 	13 	2 	3 	0 	1 	6 	7 	4 	
row 27 	22 	21 	20 	11 	10 	9 	8 	15 	14 	13 	12 	3 	2 	1 	0 	7 	6 	5 	
row 28 	17 	18 	19 	12 	13 	14 	15 	8 	9 	10 	11 	4 	5 	6 	7 	0 	1 	2 	
row 29 	16 	19 	18 	13 	12 	15 	14 	9 	8 	11 	10 	5 	4 	7 	6 	1 	0 	3 	
row 30 	19 	16 	17 	14 	15 	12 	13 	10 	11 	8 	9 	6 	7 	4 	5 	2 	3 	0 	

row 8 	0 	1 	2 	3 	4 	5 	6 	7 	24 	25 	26 	27 	28 	29 	30 	31 	16 	17 	
row 9 	1 	0 	3 	2 	5 	4 	7 	6 	25 	24 	27 	26 	29 	28 	31 	30 	17 	16 	
row 10 	2 	3 	0 	1 	6 	7 	4 	5 	26 	27 	24 	25 	30 	31 	28 	29 	18 	19 	
row 11 	3 	2 	1 	0 	7 	6 	5 	4 	27 	26 	25 	24 	31 	30 	29 	28 	19 	18 	
row 12 	4 	5 	6 	7 	0 	1 	2 	3 	28 	29 	30 	31 	24 	25 	26 	27 	20 	21 	
row 13 	5 	4 	7 	6 	1 	0 	3 	2 	29 	28 	31 	30 	25 	24 	27 	26 	21 	20 	
row 14 	6 	7 	4 	5 	2 	3 	0 	1 	30 	31 	28 	29 	26 	27 	24 	25 	22 	23 	
row 15 	7 	6 	5 	4 	3 	2 	1 	0 	31 	30 	29 	28 	27 	26 	25 	24 	23 	22 	
row 16 	24 	25 	26 	27 	28 	29 	30 	31 	0 	1 	2 	3 	4 	5 	6 	7 	8 	9 	
row 17 	25 	24 	27 	26 	29 	28 	31 	30 	1 	0 	3 	2 	5 	4 	7 	6 	9 	8 	
row 18 	26 	27 	24 	25 	30 	31 	28 	29 	2 	3 	0 	1 	6 	7 	4 	5 	10 	11 	
row 19 	27 	26 	25 	24 	31 	30 	29 	28 	3 	2 	1 	0 	7 	6 	5 	4 	11 	10 	
row 20 	28 	29 	30 	31 	24 	25 	26 	27 	4 	5 	6 	7 	0 	1 	2 	3 	12 	13 	
row 21 	29 	28 	31 	30 	25 	24 	27 	26 	5 	4 	7 	6 	1 	0 	3 	2 	13 	12 	
row 22 	30 	31 	28 	29 	26 	27 	24 	25 	6 	7 	4 	5 	2 	3 	0 	1 	14 	15 	
row 23 	31 	30 	29 	28 	27 	26 	25 	24 	7 	6 	5 	4 	3 	2 	1 	0 	15 	14 	
row 24 	16 	17 	18 	19 	20 	21 	22 	23 	8 	9 	10 	11 	12 	13 	14 	15 	0 	1 	
row 25 	17 	16 	19 	18 	21 	20 	23 	22 	9 	8 	11 	10 	13 	12 	15 	14 	1 	0 	

row 26 	0 	1 	6 	
row 27 	1 	0 	7 	
row 28 	6 	7 	0 	

row 9 	0 	3 	2 	5 	4 	7 	6 	25 	24 	27 	26 	
row 10 	3 	0 	1 	6 	7 	4 	5 	26 	27 	24 	25 	
row 11 	2 	1 	0 	7 	6 	5 	4 	27 	26 	25 	24 	
row 12 	5 	6 	7 	0 	1 	2 	3 	28 	29 	30 	31 	
row 13 	4 	7 	6 	1 	0 	3 	2 	29 	28 	31 	30 	
row 14 	7 	4 	5 	2 	3 	0 	1 	30 	31 	28 	29 	
row 15 	6 	5 	4 	3 	2 	1 	0 	31 	30 	29 	28 	
row 16 	25 	26 	27 	28 	29 	30 	31 	0 	1 	2 	3 	
row 17 	24 	27 	26 	29 	28 	31 	30 	1 	0 	3 	2 	
row 18 	27 	24 	25 	30 	31 	28 	29 	2 	3 	0 	1 	
row 19 	26 	25 	24 	31 	30 	29 	28 	3 	2 	1 	0 	

row 22 	0 	1 	
row 23 	1 	0 	

row 10 	0 	1 	6 	7 	
row 11 	1 	0 	7 	6 	
row 12 	6 	7 	0 	1 	
row 13 	7 	6 	1 	0 	

row 2 	0 	1 	6 	7 	
row 3 	1 	0 	7 	6 	
row 4 	6 	7 	0 	1 	
row 5 	7 	6 	1 	0 	

row 15 	0 	31 	30 	29 	28 	27 	26 	25 	24 	23 	22 	21 	20 	19 	
row 16 	31 	0 	1 	2 	3 	4 	5 	6 	7 	8 	9 	10 	11 	12 	
row 17 	30 	1 	0 	3 	2 	5 	4 	7 	6 	9 	8 	11 	10 	13 	
row 18 	29 	2 	3 	0 	1 	6 	7 	4 	5 	10 	11 	8 	9 	14 	
row 19 	28 	3 	2 	1 	0 	7 	6 	5 	4 	11 	10 	9 	8 	15 	
row 20 	27 	4 	5 	6 	7 	0 	1 	2 	3 	12 	13 	14 	15 	8 	
row 21 	26 	5 	4 	7 	6 	1 	0 	3 	2 	13 	12 	15 	14 	9 	
row 22 	25 	6 	7 	4 	5 	2 	3 	0 	1 	14 	15 	12 	13 	10 	
row 23 	24 	7 	6 	5 	4 	3 	2 	1 	0 	15 	14 	13 	12 	11 	
row 24 	23 	8 	9 	10 	11 	12 	13 	14 	15 	0 	1 	2 	3 	4 	
row 25 	22 	9 	8 	11 	10 	13 	12 	15 	14 	1 	0 	3 	2 	5 	
row 26 	21 	10 	11 	8 	9 	14 	15 	12 	13 	2 	3 	0 	1 	6 	
row 27 	20 	11 	10 	9 	8 	15 	14 	13 	12 	3 	2 	1 	0 	7 	
row 28 	19 	12 	13 	14 	15 	8 	9 	10 	11 	4 	5 	6 	7 	0 	

row 10 	0 	1 	6 	7 	4 	5 	26 	27 	24 	25 	30 	31 	28 	29 	18 	19 	16 	17 	
row 11 	1 	0 	7 	6 	5 	4 	27 	26 	25 	24 	31 	30 	29 	28 	19 	18 	17 	16 	
row 12 	6 	7 	0 	1 	2 	3 	28 	29 	30 	31 	24 	25 	26 	27 	20 	21 	22 	23 	
row 13 	7 	6 	1 	0 	3 	2 	29 	28 	31 	30 	25 	24 	27 	26 	21 	20 	23 	22 	
row 14 	4 	5 	2 	3 	0 	1 	30 	31 	28 	29 	26 	27 	24 	25 	22 	23 	20 	21 	
row 15 	5 	4 	3 	2 	1 	0 	31 	30 	29 	28 	27 	26 	25 	24 	23 	22 	21 	20 	
row 16 	26 	27 	28 	29 	30 	31 	0 	1 	2 	3 	4 	5 	6 	7 	8 	9 	10 	11 	
row 17 	27 	26 	29 	28 	31 	30 	1 	0 	3 	2 	5 	4 	7 	6 	9 	8 	11 	10 	
row 18 	24 	25 	30 	31 	28 	29 	2 	3 	0 	1 	6 	7 	4 	5 	10 	11 	8 	9 	
row 19 	25 	24 	31 	30 	29 	28 	3 	2 	1 	0 	7 	6 	5 	4 	11 	10 	9 	8 	
row 20 	30 	31 	24 	25 	26 	27 	4 	5 	6 	7 	0 	1 	2 	3 	12 	13 	14 	15 	
row 21 	31 	30 	25 	24 	27 	26 	5 	4 	7 	6 	1 	0 	3 	2 	13 	12 	15 	14 	
row 22 	28 	29 	26 	27 	24 	25 	6 	7 	4 	5 	2 	3 	0 	1 	14 	15 	12 	13 	
row 23 	29 	28 	27 	26 	25 	24 	7 	6 	5 	4 	3 	2 	1 	0 	15 	14 	13 	12 	
row 24 	18 	19 	20 	21 	22 	23 	8 	9 	10 	11 	12 	13 	14 	15 	0 	1 	2 	3 	
row 25 	19 	18 	21 	20 	23 	22 	9 	8 	11 	10 	13 	12 	15 	14 	1 	0 	3 	2 	
row 26 	16 	17 	22 	23 	20 	21 	10 	11 	8 	9 	14 	15 	12 	13 	2 	3 	0 	1 	
row 27 	17 	16 	23 	22 	21 	20 	11 	10 	9 	8 	15 	14 	13 	12 	3 	2 	1 	0 	

row 30 	0 	1 	62 	
row 31 	1 	0 	63 	
row 32 	62 	63 	0 	

