1 1 2
2 2 4
3 3 6
4 4 8
5 5 10
6 6 12
7 7 14
8 8 16
9 9 18
10 1 11
11 11 22
12 21 33
13 31 44
14 41 55
15 51 66
16 61 77
17 71 88
18 81 99
19 91 110
20 2 22
21 12 33
22 22 44
23 32 55
24 42 66
25 52 77
26 62 88
27 72 99
28 82 110
29 92 121
30 3 33
31 13 44
32 23 55
33 33 66
34 43 77
35 53 88
36 63 99
37 73 110
38 83 121
39 93 132
40 4 44
41 14 55
42 24 66
43 34 77
44 44 88
45 54 99
46 64 110
47 74 121
48 84 132
49 94 143
50 5 55
51 15 66
52 25 77
53 35 88
54 45 99
55 55 110
56 65 121
57 75 132
58 85 143
59 95 154
60 6 66
61 16 77
62 26 88
63 36 99
64 46 110
65 56 121
66 66 132
67 76 143
68 86 154
69 96 165
70 7 77
71 17 88
72 27 99
73 37 110
74 47 121
75 57 132
76 67 143
77 77 154
78 87 165
79 97 176
80 8 88
81 18 99
82 28 110
83 38 121
84 48 132
85 58 143
86 68 154
87 78 165
88 88 176
89 98 187
90 9 99
91 19 110
92 29 121
93 39 132
94 49 143
95 59 154
96 69 165
97 79 176
98 89 187
99 99 198
100 1 101
101 101 202
102 201 303
103 301 404
104 401 505
105 501 606
106 601 707
107 701 808
108 801 909
109 901 1010
110 11 121
111 111 222
112 211 323
113 311 424
114 411 525
115 511 626
116 611 727
117 711 828
118 811 929
119 911 1030
120 21 141
121 121 242
122 221 343
123 321 444
124 421 545
125 521 646
126 621 747
127 721 848
128 821 949
129 921 1050
130 31 161
131 131 262
132 231 363
133 331 464
134 431 565
135 531 666
136 631 767
137 731 868
138 831 969
139 931 1070
140 41 181
141 141 282
142 241 383
143 341 484
144 441 585
145 541 686
146 641 787
147 741 888
148 841 989
149 941 1090
150 51 201
151 151 302
152 251 403
153 351 504
154 451 605
155 551 706
156 651 807
157 751 908
158 851 1009
159 951 1110
160 61 221
161 161 322
162 261 423
163 361 524
164 461 625
165 561 726
166 661 827
167 761 928
168 861 1029
169 961 1130
170 71 241
171 171 342
172 271 443
173 371 544
174 471 645
175 571 746
176 671 847
177 771 948
178 871 1049
179 971 1150
180 81 261
181 181 362
182 281 463
183 381 564
184 481 665
185 581 766
186 681 867
187 781 968
188 881 1069
189 981 1170
190 91 281
191 191 382
192 291 483
193 391 584
194 491 685
195 591 786
196 691 887
197 791 988
198 891 1089
199 991 1190
200 2 202
201 102 303
202 202 404
203 302 505
204 402 606
205 502 707
206 602 808
207 702 909
208 802 1010
209 902 1111
210 12 222
211 112 323
212 212 424
213 312 525
214 412 626
215 512 727
216 612 828
217 712 929
218 812 1030
219 912 1131
220 22 242
221 122 343
222 222 444
223 322 545
224 422 646
225 522 747
226 622 848
227 722 949
228 822 1050
229 922 1151
230 32 262
231 132 363
232 232 464
233 332 565
234 432 666
235 532 767
236 632 868
237 732 969
238 832 1070
239 932 1171
240 42 282
241 142 383
242 242 484
243 342 585
244 442 686
245 542 787
246 642 888
247 742 989
248 842 1090
249 942 1191
250 52 302
251 152 403
252 252 504
253 352 605
254 452 706
255 552 807
256 652 908
257 752 1009
258 852 1110
259 952 1211
260 62 322
261 162 423
262 262 524
263 362 625
264 462 726
265 562 827
266 662 928
267 762 1029
268 862 1130
269 962 1231
270 72 342
271 172 443
272 272 544
273 372 645
274 472 746
275 572 847
276 672 948
277 772 1049
278 872 1150
279 972 1251
280 82 362
281 182 463
282 282 564
283 382 665
284 482 766
285 582 867
286 682 968
287 782 1069
288 882 1170
289 982 1271
290 92 382
291 192 483
292 292 584
293 392 685
294 492 786
295 592 887
296 692 988
297 792 1089
298 892 1190
299 992 1291
300 3 303
301 103 404
302 203 505
303 303 606
304 403 707
305 503 808
306 603 909
307 703 1010
308 803 1111
309 903 1212
310 13 323
311 113 424
312 213 525
313 313 626
314 413 727
315 513 828
316 613 929
317 713 1030
318 813 1131
319 913 1232
320 23 343
321 123 444
322 223 545
323 323 646
324 423 747
325 523 848
326 623 949
327 723 1050
328 823 1151
329 923 1252
330 33 363
331 133 464
332 233 565
333 333 666
334 433 767
335 533 868
336 633 969
337 733 1070
338 833 1171
339 933 1272
340 43 383
341 143 484
342 243 585
343 343 686
344 443 787
345 543 888
346 643 989
347 743 1090
348 843 1191
349 943 1292
350 53 403
351 153 504
352 253 605
353 353 706
354 453 807
355 553 908
356 653 1009
357 753 1110
358 853 1211
359 953 1312
360 63 423
361 163 524
362 263 625
363 363 726
364 463 827
365 563 928
366 663 1029
367 763 1130
368 863 1231
369 963 1332
370 73 443
371 173 544
372 273 645
373 373 746
374 473 847
375 573 948
376 673 1049
377 773 1150
378 873 1251
379 973 1352
380 83 463
381 183 564
382 283 665
383 383 766
384 483 867
385 583 968
386 683 1069
387 783 1170
388 883 1271
389 983 1372
390 93 483
391 193 584
392 293 685
393 393 786
394 493 887
395 593 988
396 693 1089
397 793 1190
398 893 1291
399 993 1392
400 4 404
401 104 505
402 204 606
403 304 707
404 404 808
405 504 909
406 604 1010
407 704 1111
408 804 1212
409 904 1313
410 14 424
411 114 525
412 214 626
413 314 727
414 414 828
415 514 929
416 614 1030
417 714 1131
418 814 1232
419 914 1333
420 24 444
421 124 545
422 224 646
423 324 747
424 424 848
425 524 949
426 624 1050
427 724 1151
428 824 1252
429 924 1353
430 34 464
431 134 565
432 234 666
433 334 767
434 434 868
435 534 969
436 634 1070
437 734 1171
438 834 1272
439 934 1373
440 44 484
441 144 585
442 244 686
443 344 787
444 444 888
445 544 989
446 644 1090
447 744 1191
448 844 1292
449 944 1393
450 54 504
451 154 605
452 254 706
453 354 807
454 454 908
455 554 1009
456 654 1110
457 754 1211
458 854 1312
459 954 1413
460 64 524
461 164 625
462 264 726
463 364 827
464 464 928
465 564 1029
466 664 1130
467 764 1231
468 864 1332
469 964 1433
470 74 544
471 174 645
472 274 746
473 374 847
474 474 948
475 574 1049
476 674 1150
477 774 1251
478 874 1352
479 974 1453
480 84 564
481 184 665
482 284 766
483 384 867
484 484 968
485 584 1069
486 684 1170
487 784 1271
488 884 1372
489 984 1473
490 94 584
491 194 685
492 294 786
493 394 887
494 494 988
495 594 1089
496 694 1190
497 794 1291
498 894 1392
499 994 1493
500 5 505
501 105 606
502 205 707
503 305 808
504 405 909
505 505 1010
506 605 1111
507 705 1212
508 805 1313
509 905 1414
510 15 525
511 115 626
512 215 727
513 315 828
514 415 929
515 515 1030
516 615 1131
517 715 1232
518 815 1333
519 915 1434
520 25 545
521 125 646
522 225 747
523 325 848
524 425 949
525 525 1050
526 625 1151
527 725 1252
528 825 1353
529 925 1454
530 35 565
531 135 666
532 235 767
533 335 868
534 435 969
535 535 1070
536 635 1171
537 735 1272
538 835 1373
539 935 1474
540 45 585
541 145 686
542 245 787
543 345 888
544 445 989
545 545 1090
546 645 1191
547 745 1292
548 845 1393
549 945 1494
550 55 605
551 155 706
552 255 807
553 355 908
554 455 1009
555 555 1110
556 655 1211
557 755 1312
558 855 1413
559 955 1514
560 65 625
561 165 726
562 265 827
563 365 928
564 465 1029
565 565 1130
566 665 1231
567 765 1332
568 865 1433
569 965 1534
570 75 645
571 175 746
572 275 847
573 375 948
574 475 1049
575 575 1150
576 675 1251
577 775 1352
578 875 1453
579 975 1554
580 85 665
581 185 766
582 285 867
583 385 968
584 485 1069
585 585 1170
586 685 1271
587 785 1372
588 885 1473
589 985 1574
590 95 685
591 195 786
592 295 887
593 395 988
594 495 1089
595 595 1190
596 695 1291
597 795 1392
598 895 1493
599 995 1594
600 6 606
601 106 707
602 206 808
603 306 909
604 406 1010
605 506 1111
606 606 1212
607 706 1313
608 806 1414
609 906 1515
610 16 626
611 116 727
612 216 828
613 316 929
614 416 1030
615 516 1131
616 616 1232
617 716 1333
618 816 1434
619 916 1535
620 26 646
621 126 747
622 226 848
623 326 949
624 426 1050
625 526 1151
626 626 1252
627 726 1353
628 826 1454
629 926 1555
630 36 666
631 136 767
632 236 868
633 336 969
634 436 1070
635 536 1171
636 636 1272
637 736 1373
638 836 1474
639 936 1575
640 46 686
641 146 787
642 246 888
643 346 989
644 446 1090
645 546 1191
646 646 1292
647 746 1393
648 846 1494
649 946 1595
650 56 706
651 156 807
652 256 908
653 356 1009
654 456 1110
655 556 1211
656 656 1312
657 756 1413
658 856 1514
659 956 1615
660 66 726
661 166 827
662 266 928
663 366 1029
664 466 1130
665 566 1231
666 666 1332
667 766 1433
668 866 1534
669 966 1635
670 76 746
671 176 847
672 276 948
673 376 1049
674 476 1150
675 576 1251
676 676 1352
677 776 1453
678 876 1554
679 976 1655
680 86 766
681 186 867
682 286 968
683 386 1069
684 486 1170
685 586 1271
686 686 1372
687 786 1473
688 886 1574
689 986 1675
690 96 786
691 196 887
692 296 988
693 396 1089
694 496 1190
695 596 1291
696 696 1392
697 796 1493
698 896 1594
699 996 1695
700 7 707
701 107 808
702 207 909
703 307 1010
704 407 1111
705 507 1212
706 607 1313
707 707 1414
708 807 1515
709 907 1616
710 17 727
711 117 828
712 217 929
713 317 1030
714 417 1131
715 517 1232
716 617 1333
717 717 1434
718 817 1535
719 917 1636
720 27 747
721 127 848
722 227 949
723 327 1050
724 427 1151
725 527 1252
726 627 1353
727 727 1454
728 827 1555
729 927 1656
730 37 767
731 137 868
732 237 969
733 337 1070
734 437 1171
735 537 1272
736 637 1373
737 737 1474
738 837 1575
739 937 1676
740 47 787
741 147 888
742 247 989
743 347 1090
744 447 1191
745 547 1292
746 647 1393
747 747 1494
748 847 1595
749 947 1696
750 57 807
751 157 908
752 257 1009
753 357 1110
754 457 1211
755 557 1312
756 657 1413
757 757 1514
758 857 1615
759 957 1716
760 67 827
761 167 928
762 267 1029
763 367 1130
764 467 1231
765 567 1332
766 667 1433
767 767 1534
768 867 1635
769 967 1736
770 77 847
771 177 948
772 277 1049
773 377 1150
774 477 1251
775 577 1352
776 677 1453
777 777 1554
778 877 1655
779 977 1756
780 87 867
781 187 968
782 287 1069
783 387 1170
784 487 1271
785 587 1372
786 687 1473
787 787 1574
788 887 1675
789 987 1776
790 97 887
791 197 988
792 297 1089
793 397 1190
794 497 1291
795 597 1392
796 697 1493
797 797 1594
798 897 1695
799 997 1796
800 8 808
801 108 909
802 208 1010
803 308 1111
804 408 1212
805 508 1313
806 608 1414
807 708 1515
808 808 1616
809 908 1717
810 18 828
811 118 929
812 218 1030
813 318 1131
814 418 1232
815 518 1333
816 618 1434
817 718 1535
818 818 1636
819 918 1737
820 28 848
821 128 949
822 228 1050
823 328 1151
824 428 1252
825 528 1353
826 628 1454
827 728 1555
828 828 1656
829 928 1757
830 38 868
831 138 969
832 238 1070
833 338 1171
834 438 1272
835 538 1373
836 638 1474
837 738 1575
838 838 1676
839 938 1777
840 48 888
841 148 989
842 248 1090
843 348 1191
844 448 1292
845 548 1393
846 648 1494
847 748 1595
848 848 1696
849 948 1797
850 58 908
851 158 1009
852 258 1110
853 358 1211
854 458 1312
855 558 1413
856 658 1514
857 758 1615
858 858 1716
859 958 1817
860 68 928
861 168 1029
862 268 1130
863 368 1231
864 468 1332
865 568 1433
866 668 1534
867 768 1635
868 868 1736
869 968 1837
870 78 948
871 178 1049
872 278 1150
873 378 1251
874 478 1352
875 578 1453
876 678 1554
877 778 1655
878 878 1756
879 978 1857
880 88 968
881 188 1069
882 288 1170
883 388 1271
884 488 1372
885 588 1473
886 688 1574
887 788 1675
888 888 1776
889 988 1877
890 98 988
891 198 1089
892 298 1190
893 398 1291
894 498 1392
895 598 1493
896 698 1594
897 798 1695
898 898 1796
899 998 1897
900 9 909
901 109 1010
902 209 1111
903 309 1212
904 409 1313
905 509 1414
906 609 1515
907 709 1616
908 809 1717
909 909 1818
910 19 929
911 119 1030
912 219 1131
913 319 1232
914 419 1333
915 519 1434
916 619 1535
917 719 1636
918 819 1737
919 919 1838
920 29 949
921 129 1050
922 229 1151
923 329 1252
924 429 1353
925 529 1454
926 629 1555
927 729 1656
928 829 1757
929 929 1858
930 39 969
931 139 1070
932 239 1171
933 339 1272
934 439 1373
935 539 1474
936 639 1575
937 739 1676
938 839 1777
939 939 1878
940 49 989
941 149 1090
942 249 1191
943 349 1292
944 449 1393
945 549 1494
946 649 1595
947 749 1696
948 849 1797
949 949 1898
950 59 1009
951 159 1110
952 259 1211
953 359 1312
954 459 1413
955 559 1514
956 659 1615
957 759 1716
958 859 1817
959 959 1918
960 69 1029
961 169 1130
962 269 1231
963 369 1332
964 469 1433
965 569 1534
966 669 1635
967 769 1736
968 869 1837
969 969 1938
970 79 1049
971 179 1150
972 279 1251
973 379 1352
974 479 1453
975 579 1554
976 679 1655
977 779 1756
978 879 1857
979 979 1958
980 89 1069
981 189 1170
982 289 1271
983 389 1372
984 489 1473
985 589 1574
986 689 1675
987 789 1776
988 889 1877
989 989 1978
990 99 1089
991 199 1190
992 299 1291
993 399 1392
994 499 1493
995 599 1594
996 699 1695
997 799 1796
998 899 1897
999 999 1998
1000 1 1001
1001 1001 2002
1002 2001 3003
1003 3001 4004
1004 4001 5005
1005 5001 6006
1006 6001 7007
1007 7001 8008
1008 8001 9009
1009 9001 10010
1010 101 1111
1011 1101 2112
1012 2101 3113
1013 3101 4114
1014 4101 5115
1015 5101 6116
1016 6101 7117
1017 7101 8118
1018 8101 9119
1019 9101 10120
1020 201 1221
1021 1201 2222
1022 2201 3223
1023 3201 4224
1024 4201 5225
1025 5201 6226
1026 6201 7227
1027 7201 8228
1028 8201 9229
1029 9201 10230
1030 301 1331
1031 1301 2332
1032 2301 3333
1033 3301 4334
1034 4301 5335
1035 5301 6336
1036 6301 7337
1037 7301 8338
1038 8301 9339
1039 9301 10340
1040 401 1441
1041 1401 2442
1042 2401 3443
1043 3401 4444
1044 4401 5445
1045 5401 6446
1046 6401 7447
1047 7401 8448
1048 8401 9449
1049 9401 10450
1050 501 1551
1051 1501 2552
1052 2501 3553
1053 3501 4554
1054 4501 5555
1055 5501 6556
1056 6501 7557
1057 7501 8558
1058 8501 9559
1059 9501 10560
1060 601 1661
1061 1601 2662
1062 2601 3663
1063 3601 4664
1064 4601 5665
1065 5601 6666
1066 6601 7667
1067 7601 8668
1068 8601 9669
1069 9601 10670
1070 701 1771
1071 1701 2772
1072 2701 3773
1073 3701 4774
1074 4701 5775
1075 5701 6776
1076 6701 7777
1077 7701 8778
1078 8701 9779
1079 9701 10780
1080 801 1881
1081 1801 2882
1082 2801 3883
1083 3801 4884
1084 4801 5885
1085 5801 6886
1086 6801 7887
1087 7801 8888
1088 8801 9889
1089 9801 10890
1090 901 1991
1091 1901 2992
1092 2901 3993
1093 3901 4994
1094 4901 5995
1095 5901 6996
1096 6901 7997
1097 7901 8998
1098 8901 9999
1099 9901 11000
1100 11 1111
1101 1011 2112
1102 2011 3113
1103 3011 4114
1104 4011 5115
1105 5011 6116
1106 6011 7117
1107 7011 8118
1108 8011 9119
1109 9011 10120
1110 111 1221
1111 1111 2222
1112 2111 3223
1113 3111 4224
1114 4111 5225
1115 5111 6226
1116 6111 7227
1117 7111 8228
1118 8111 9229
1119 9111 10230
1120 211 1331
1121 1211 2332
1122 2211 3333
1123 3211 4334
1124 4211 5335
1125 5211 6336
1126 6211 7337
1127 7211 8338
1128 8211 9339
1129 9211 10340
1130 311 1441
1131 1311 2442
1132 2311 3443
1133 3311 4444
1134 4311 5445
1135 5311 6446
1136 6311 7447
1137 7311 8448
1138 8311 9449
1139 9311 10450
1140 411 1551
1141 1411 2552
1142 2411 3553
1143 3411 4554
1144 4411 5555
1145 5411 6556
1146 6411 7557
1147 7411 8558
1148 8411 9559
1149 9411 10560
1150 511 1661
1151 1511 2662
1152 2511 3663
1153 3511 4664
1154 4511 5665
1155 5511 6666
1156 6511 7667
1157 7511 8668
1158 8511 9669
1159 9511 10670
1160 611 1771
1161 1611 2772
1162 2611 3773
1163 3611 4774
1164 4611 5775
1165 5611 6776
1166 6611 7777
1167 7611 8778
1168 8611 9779
1169 9611 10780
1170 711 1881
1171 1711 2882
1172 2711 3883
1173 3711 4884
1174 4711 5885
1175 5711 6886
1176 6711 7887
1177 7711 8888
1178 8711 9889
1179 9711 10890
1180 811 1991
1181 1811 2992
1182 2811 3993
1183 3811 4994
1184 4811 5995
1185 5811 6996
1186 6811 7997
1187 7811 8998
1188 8811 9999
1189 9811 11000
1190 911 2101
1191 1911 3102
1192 2911 4103
1193 3911 5104
1194 4911 6105
1195 5911 7106
1196 6911 8107
1197 7911 9108
1198 8911 10109
1199 9911 11110
1200 21 1221
1201 1021 2222
1202 2021 3223
1203 3021 4224
1204 4021 5225
1205 5021 6226
1206 6021 7227
1207 7021 8228
1208 8021 9229
1209 9021 10230
1210 121 1331
1211 1121 2332
1212 2121 3333
1213 3121 4334
1214 4121 5335
1215 5121 6336
1216 6121 7337
1217 7121 8338
1218 8121 9339
1219 9121 10340
1220 221 1441
1221 1221 2442
1222 2221 3443
1223 3221 4444
1224 4221 5445
1225 5221 6446
1226 6221 7447
1227 7221 8448
1228 8221 9449
1229 9221 10450
1230 321 1551
1231 1321 2552
1232 2321 3553
1233 3321 4554
1234 4321 5555
1235 5321 6556
1236 6321 7557
1237 7321 8558
1238 8321 9559
1239 9321 10560
1240 421 1661
1241 1421 2662
1242 2421 3663
1243 3421 4664
1244 4421 5665
1245 5421 6666
1246 6421 7667
1247 7421 8668
1248 8421 9669
1249 9421 10670
1250 521 1771
1251 1521 2772
1252 2521 3773
1253 3521 4774
1254 4521 5775
1255 5521 6776
1256 6521 7777
1257 7521 8778
1258 8521 9779
1259 9521 10780
1260 621 1881
1261 1621 2882
1262 2621 3883
1263 3621 4884
1264 4621 5885
1265 5621 6886
1266 6621 7887
1267 7621 8888
1268 8621 9889
1269 9621 10890
1270 721 1991
1271 1721 2992
1272 2721 3993
1273 3721 4994
1274 4721 5995
1275 5721 6996
1276 6721 7997
1277 7721 8998
1278 8721 9999
1279 9721 11000
1280 821 2101
1281 1821 3102
1282 2821 4103
1283 3821 5104
1284 4821 6105
1285 5821 7106
1286 6821 8107
1287 7821 9108
1288 8821 10109
1289 9821 11110
1290 921 2211
1291 1921 3212
1292 2921 4213
1293 3921 5214
1294 4921 6215
1295 5921 7216
1296 6921 8217
1297 7921 9218
1298 8921 10219
1299 9921 11220
1300 31 1331
1301 1031 2332
1302 2031 3333
1303 3031 4334
1304 4031 5335
1305 5031 6336
1306 6031 7337
1307 7031 8338
1308 8031 9339
1309 9031 10340
1310 131 1441
1311 1131 2442
1312 2131 3443
1313 3131 4444
1314 4131 5445
1315 5131 6446
1316 6131 7447
1317 7131 8448
1318 8131 9449
1319 9131 10450
1320 231 1551
1321 1231 2552
1322 2231 3553
1323 3231 4554
1324 4231 5555
1325 5231 6556
1326 6231 7557
1327 7231 8558
1328 8231 9559
1329 9231 10560
1330 331 1661
1331 1331 2662
1332 2331 3663
1333 3331 4664
1334 4331 5665
1335 5331 6666
1336 6331 7667
1337 7331 8668
1338 8331 9669
1339 9331 10670
1340 431 1771
1341 1431 2772
1342 2431 3773
1343 3431 4774
1344 4431 5775
1345 5431 6776
1346 6431 7777
1347 7431 8778
1348 8431 9779
1349 9431 10780
1350 531 1881
1351 1531 2882
1352 2531 3883
1353 3531 4884
1354 4531 5885
1355 5531 6886
1356 6531 7887
1357 7531 8888
1358 8531 9889
1359 9531 10890
1360 631 1991
1361 1631 2992
1362 2631 3993
1363 3631 4994
1364 4631 5995
1365 5631 6996
1366 6631 7997
1367 7631 8998
1368 8631 9999
1369 9631 11000
1370 731 2101
1371 1731 3102
1372 2731 4103
1373 3731 5104
1374 4731 6105
1375 5731 7106
1376 6731 8107
1377 7731 9108
1378 8731 10109
1379 9731 11110
1380 831 2211
1381 1831 3212
1382 2831 4213
1383 3831 5214
1384 4831 6215
1385 5831 7216
1386 6831 8217
1387 7831 9218
1388 8831 10219
1389 9831 11220
1390 931 2321
1391 1931 3322
1392 2931 4323
1393 3931 5324
1394 4931 6325
1395 5931 7326
1396 6931 8327
1397 7931 9328
1398 8931 10329
1399 9931 11330
1400 41 1441
1401 1041 2442
1402 2041 3443
1403 3041 4444
1404 4041 5445
1405 5041 6446
1406 6041 7447
1407 7041 8448
1408 8041 9449
1409 9041 10450
1410 141 1551
1411 1141 2552
1412 2141 3553
1413 3141 4554
1414 4141 5555
1415 5141 6556
1416 6141 7557
1417 7141 8558
1418 8141 9559
1419 9141 10560
1420 241 1661
1421 1241 2662
1422 2241 3663
1423 3241 4664
1424 4241 5665
1425 5241 6666
1426 6241 7667
1427 7241 8668
1428 8241 9669
1429 9241 10670
1430 341 1771
1431 1341 2772
1432 2341 3773
1433 3341 4774
1434 4341 5775
1435 5341 6776
1436 6341 7777
1437 7341 8778
1438 8341 9779
1439 9341 10780
1440 441 1881
1441 1441 2882
1442 2441 3883
1443 3441 4884
1444 4441 5885
1445 5441 6886
1446 6441 7887
1447 7441 8888
1448 8441 9889
1449 9441 10890
1450 541 1991
1451 1541 2992
1452 2541 3993
1453 3541 4994
1454 4541 5995
1455 5541 6996
1456 6541 7997
1457 7541 8998
1458 8541 9999
1459 9541 11000
1460 641 2101
1461 1641 3102
1462 2641 4103
1463 3641 5104
1464 4641 6105
1465 5641 7106
1466 6641 8107
1467 7641 9108
1468 8641 10109
1469 9641 11110
1470 741 2211
1471 1741 3212
1472 2741 4213
1473 3741 5214
1474 4741 6215
1475 5741 7216
1476 6741 8217
1477 7741 9218
1478 8741 10219
1479 9741 11220
1480 841 2321
1481 1841 3322
1482 2841 4323
1483 3841 5324
1484 4841 6325
1485 5841 7326
1486 6841 8327
1487 7841 9328
1488 8841 10329
1489 9841 11330
1490 941 2431
1491 1941 3432
1492 2941 4433
1493 3941 5434
1494 4941 6435
1495 5941 7436
1496 6941 8437
1497 7941 9438
1498 8941 10439
1499 9941 11440
1500 51 1551
1501 1051 2552
1502 2051 3553
1503 3051 4554
1504 4051 5555
1505 5051 6556
1506 6051 7557
1507 7051 8558
1508 8051 9559
1509 9051 10560
1510 151 1661
1511 1151 2662
1512 2151 3663
1513 3151 4664
1514 4151 5665
1515 5151 6666
1516 6151 7667
1517 7151 8668
1518 8151 9669
1519 9151 10670
1520 251 1771
1521 1251 2772
1522 2251 3773
1523 3251 4774
1524 4251 5775
1525 5251 6776
1526 6251 7777
1527 7251 8778
1528 8251 9779
1529 9251 10780
1530 351 1881
1531 1351 2882
1532 2351 3883
1533 3351 4884
1534 4351 5885
1535 5351 6886
1536 6351 7887
1537 7351 8888
1538 8351 9889
1539 9351 10890
1540 451 1991
1541 1451 2992
1542 2451 3993
1543 3451 4994
1544 4451 5995
1545 5451 6996
1546 6451 7997
1547 7451 8998
1548 8451 9999
1549 9451 11000
1550 551 2101
1551 1551 3102
1552 2551 4103
1553 3551 5104
1554 4551 6105
1555 5551 7106
1556 6551 8107
1557 7551 9108
1558 8551 10109
1559 9551 11110
1560 651 2211
1561 1651 3212
1562 2651 4213
1563 3651 5214
1564 4651 6215
1565 5651 7216
1566 6651 8217
1567 7651 9218
1568 8651 10219
1569 9651 11220
1570 751 2321
1571 1751 3322
1572 2751 4323
1573 3751 5324
1574 4751 6325
1575 5751 7326
1576 6751 8327
1577 7751 9328
1578 8751 10329
1579 9751 11330
1580 851 2431
1581 1851 3432
1582 2851 4433
1583 3851 5434
1584 4851 6435
1585 5851 7436
1586 6851 8437
1587 7851 9438
1588 8851 10439
1589 9851 11440
1590 951 2541
1591 1951 3542
1592 2951 4543
1593 3951 5544
1594 4951 6545
1595 5951 7546
1596 6951 8547
1597 7951 9548
1598 8951 10549
1599 9951 11550
1600 61 1661
1601 1061 2662
1602 2061 3663
1603 3061 4664
1604 4061 5665
1605 5061 6666
1606 6061 7667
1607 7061 8668
1608 8061 9669
1609 9061 10670
1610 161 1771
1611 1161 2772
1612 2161 3773
1613 3161 4774
1614 4161 5775
1615 5161 6776
1616 6161 7777
1617 7161 8778
1618 8161 9779
1619 9161 10780
1620 261 1881
1621 1261 2882
1622 2261 3883
1623 3261 4884
1624 4261 5885
1625 5261 6886
1626 6261 7887
1627 7261 8888
1628 8261 9889
1629 9261 10890
1630 361 1991
1631 1361 2992
1632 2361 3993
1633 3361 4994
1634 4361 5995
1635 5361 6996
1636 6361 7997
1637 7361 8998
1638 8361 9999
1639 9361 11000
1640 461 2101
1641 1461 3102
1642 2461 4103
1643 3461 5104
1644 4461 6105
1645 5461 7106
1646 6461 8107
1647 7461 9108
1648 8461 10109
1649 9461 11110
1650 561 2211
1651 1561 3212
1652 2561 4213
1653 3561 5214
1654 4561 6215
1655 5561 7216
1656 6561 8217
1657 7561 9218
1658 8561 10219
1659 9561 11220
1660 661 2321
1661 1661 3322
1662 2661 4323
1663 3661 5324
1664 4661 6325
1665 5661 7326
1666 6661 8327
1667 7661 9328
1668 8661 10329
1669 9661 11330
1670 761 2431
1671 1761 3432
1672 2761 4433
1673 3761 5434
1674 4761 6435
1675 5761 7436
1676 6761 8437
1677 7761 9438
1678 8761 10439
1679 9761 11440
1680 861 2541
1681 1861 3542
1682 2861 4543
1683 3861 5544
1684 4861 6545
1685 5861 7546
1686 6861 8547
1687 7861 9548
1688 8861 10549
1689 9861 11550
1690 961 2651
1691 1961 3652
1692 2961 4653
1693 3961 5654
1694 4961 6655
1695 5961 7656
1696 6961 8657
1697 7961 9658
1698 8961 10659
1699 9961 11660
1700 71 1771
1701 1071 2772
1702 2071 3773
1703 3071 4774
1704 4071 5775
1705 5071 6776
1706 6071 7777
1707 7071 8778
1708 8071 9779
1709 9071 10780
1710 171 1881
1711 1171 2882
1712 2171 3883
1713 3171 4884
1714 4171 5885
1715 5171 6886
1716 6171 7887
1717 7171 8888
1718 8171 9889
1719 9171 10890
1720 271 1991
1721 1271 2992
1722 2271 3993
1723 3271 4994
1724 4271 5995
1725 5271 6996
1726 6271 7997
1727 7271 8998
1728 8271 9999
1729 9271 11000
1730 371 2101
1731 1371 3102
1732 2371 4103
1733 3371 5104
1734 4371 6105
1735 5371 7106
1736 6371 8107
1737 7371 9108
1738 8371 10109
1739 9371 11110
1740 471 2211
1741 1471 3212
1742 2471 4213
1743 3471 5214
1744 4471 6215
1745 5471 7216
1746 6471 8217
1747 7471 9218
1748 8471 10219
1749 9471 11220
1750 571 2321
1751 1571 3322
1752 2571 4323
1753 3571 5324
1754 4571 6325
1755 5571 7326
1756 6571 8327
1757 7571 9328
1758 8571 10329
1759 9571 11330
1760 671 2431
1761 1671 3432
1762 2671 4433
1763 3671 5434
1764 4671 6435
1765 5671 7436
1766 6671 8437
1767 7671 9438
1768 8671 10439
1769 9671 11440
1770 771 2541
1771 1771 3542
1772 2771 4543
1773 3771 5544
1774 4771 6545
1775 5771 7546
1776 6771 8547
1777 7771 9548
1778 8771 10549
1779 9771 11550
1780 871 2651
1781 1871 3652
1782 2871 4653
1783 3871 5654
1784 4871 6655
1785 5871 7656
1786 6871 8657
1787 7871 9658
1788 8871 10659
1789 9871 11660
1790 971 2761
1791 1971 3762
1792 2971 4763
1793 3971 5764
1794 4971 6765
1795 5971 7766
1796 6971 8767
1797 7971 9768
1798 8971 10769
1799 9971 11770
1800 81 1881
1801 1081 2882
1802 2081 3883
1803 3081 4884
1804 4081 5885
1805 5081 6886
1806 6081 7887
1807 7081 8888
1808 8081 9889
1809 9081 10890
1810 181 1991
1811 1181 2992
1812 2181 3993
1813 3181 4994
1814 4181 5995
1815 5181 6996
1816 6181 7997
1817 7181 8998
1818 8181 9999
1819 9181 11000
1820 281 2101
1821 1281 3102
1822 2281 4103
1823 3281 5104
1824 4281 6105
1825 5281 7106
1826 6281 8107
1827 7281 9108
1828 8281 10109
1829 9281 11110
1830 381 2211
1831 1381 3212
1832 2381 4213
1833 3381 5214
1834 4381 6215
1835 5381 7216
1836 6381 8217
1837 7381 9218
1838 8381 10219
1839 9381 11220
1840 481 2321
1841 1481 3322
1842 2481 4323
1843 3481 5324
1844 4481 6325
1845 5481 7326
1846 6481 8327
1847 7481 9328
1848 8481 10329
1849 9481 11330
1850 581 2431
1851 1581 3432
1852 2581 4433
1853 3581 5434
1854 4581 6435
1855 5581 7436
1856 6581 8437
1857 7581 9438
1858 8581 10439
1859 9581 11440
1860 681 2541
1861 1681 3542
1862 2681 4543
1863 3681 5544
1864 4681 6545
1865 5681 7546
1866 6681 8547
1867 7681 9548
1868 8681 10549
1869 9681 11550
1870 781 2651
1871 1781 3652
1872 2781 4653
1873 3781 5654
1874 4781 6655
1875 5781 7656
1876 6781 8657
1877 7781 9658
1878 8781 10659
1879 9781 11660
1880 881 2761
1881 1881 3762
1882 2881 4763
1883 3881 5764
1884 4881 6765
1885 5881 7766
1886 6881 8767
1887 7881 9768
1888 8881 10769
1889 9881 11770
1890 981 2871
1891 1981 3872
1892 2981 4873
1893 3981 5874
1894 4981 6875
1895 5981 7876
1896 6981 8877
1897 7981 9878
1898 8981 10879
1899 9981 11880
1900 91 1991
1901 1091 2992
1902 2091 3993
1903 3091 4994
1904 4091 5995
1905 5091 6996
1906 6091 7997
1907 7091 8998
1908 8091 9999
1909 9091 11000
1910 191 2101
1911 1191 3102
1912 2191 4103
1913 3191 5104
1914 4191 6105
1915 5191 7106
1916 6191 8107
1917 7191 9108
1918 8191 10109
1919 9191 11110
1920 291 2211
1921 1291 3212
1922 2291 4213
1923 3291 5214
1924 4291 6215
1925 5291 7216
1926 6291 8217
1927 7291 9218
1928 8291 10219
1929 9291 11220
1930 391 2321
1931 1391 3322
1932 2391 4323
1933 3391 5324
1934 4391 6325
1935 5391 7326
1936 6391 8327
1937 7391 9328
1938 8391 10329
1939 9391 11330
1940 491 2431
1941 1491 3432
1942 2491 4433
1943 3491 5434
1944 4491 6435
1945 5491 7436
1946 6491 8437
1947 7491 9438
1948 8491 10439
1949 9491 11440
1950 591 2541
1951 1591 3542
1952 2591 4543
1953 3591 5544
1954 4591 6545
1955 5591 7546
1956 6591 8547
1957 7591 9548
1958 8591 10549
1959 9591 11550
1960 691 2651
1961 1691 3652
1962 2691 4653
1963 3691 5654
1964 4691 6655
1965 5691 7656
1966 6691 8657
1967 7691 9658
1968 8691 10659
1969 9691 11660
1970 791 2761
1971 1791 3762
1972 2791 4763
1973 3791 5764
1974 4791 6765
1975 5791 7766
1976 6791 8767
1977 7791 9768
1978 8791 10769
1979 9791 11770
1980 891 2871
1981 1891 3872
1982 2891 4873
1983 3891 5874
1984 4891 6875
1985 5891 7876
1986 6891 8877
1987 7891 9878
1988 8891 10879
1989 9891 11880
1990 991 2981
1991 1991 3982
1992 2991 4983
1993 3991 5984
1994 4991 6985
1995 5991 7986
1996 6991 8987
1997 7991 9988
1998 8991 10989
1999 9991 11990
2000 2 2002
2001 1002 3003
2002 2002 4004
2003 3002 5005
2004 4002 6006
2005 5002 7007
2006 6002 8008
2007 7002 9009
2008 8002 10010
2009 9002 11011
2010 102 2112
2011 1102 3113
2012 2102 4114
2013 3102 5115
2014 4102 6116
2015 5102 7117
2016 6102 8118
2017 7102 9119
2018 8102 10120
2019 9102 11121
2020 202 2222
2021 1202 3223
2022 2202 4224
2023 3202 5225
2024 4202 6226
2025 5202 7227
2026 6202 8228
2027 7202 9229
2028 8202 10230
2029 9202 11231
2030 302 2332
2031 1302 3333
2032 2302 4334
2033 3302 5335
2034 4302 6336
2035 5302 7337
2036 6302 8338
2037 7302 9339
2038 8302 10340
2039 9302 11341
2040 402 2442
2041 1402 3443
2042 2402 4444
2043 3402 5445
2044 4402 6446
2045 5402 7447
2046 6402 8448
2047 7402 9449
2048 8402 10450
2049 9402 11451
2050 502 2552
2051 1502 3553
2052 2502 4554
2053 3502 5555
2054 4502 6556
2055 5502 7557
2056 6502 8558
2057 7502 9559
2058 8502 10560
2059 9502 11561
2060 602 2662
2061 1602 3663
2062 2602 4664
2063 3602 5665
2064 4602 6666
2065 5602 7667
2066 6602 8668
2067 7602 9669
2068 8602 10670
2069 9602 11671
2070 702 2772
2071 1702 3773
2072 2702 4774
2073 3702 5775
2074 4702 6776
2075 5702 7777
2076 6702 8778
2077 7702 9779
2078 8702 10780
2079 9702 11781
2080 802 2882
2081 1802 3883
2082 2802 4884
2083 3802 5885
2084 4802 6886
2085 5802 7887
2086 6802 8888
2087 7802 9889
2088 8802 10890
2089 9802 11891
2090 902 2992
2091 1902 3993
2092 2902 4994
2093 3902 5995
2094 4902 6996
2095 5902 7997
2096 6902 8998
2097 7902 9999
2098 8902 11000
2099 9902 12001
2100 12 2112
2101 1012 3113
2102 2012 4114
2103 3012 5115
2104 4012 6116
2105 5012 7117
2106 6012 8118
2107 7012 9119
2108 8012 10120
2109 9012 11121
2110 112 2222
2111 1112 3223
2112 2112 4224
2113 3112 5225
2114 4112 6226
2115 5112 7227
2116 6112 8228
2117 7112 9229
2118 8112 10230
2119 9112 11231
2120 212 2332
2121 1212 3333
2122 2212 4334
2123 3212 5335
2124 4212 6336
2125 5212 7337
2126 6212 8338
2127 7212 9339
2128 8212 10340
2129 9212 11341
2130 312 2442
2131 1312 3443
2132 2312 4444
2133 3312 5445
2134 4312 6446
2135 5312 7447
2136 6312 8448
2137 7312 9449
2138 8312 10450
2139 9312 11451
2140 412 2552
2141 1412 3553
2142 2412 4554
2143 3412 5555
2144 4412 6556
2145 5412 7557
2146 6412 8558
2147 7412 9559
2148 8412 10560
2149 9412 11561
2150 512 2662
2151 1512 3663
2152 2512 4664
2153 3512 5665
2154 4512 6666
2155 5512 7667
2156 6512 8668
2157 7512 9669
2158 8512 10670
2159 9512 11671
2160 612 2772
2161 1612 3773
2162 2612 4774
2163 3612 5775
2164 4612 6776
2165 5612 7777
2166 6612 8778
2167 7612 9779
2168 8612 10780
2169 9612 11781
2170 712 2882
2171 1712 3883
2172 2712 4884
2173 3712 5885
2174 4712 6886
2175 5712 7887
2176 6712 8888
2177 7712 9889
2178 8712 10890
2179 9712 11891
2180 812 2992
2181 1812 3993
2182 2812 4994
2183 3812 5995
2184 4812 6996
2185 5812 7997
2186 6812 8998
2187 7812 9999
2188 8812 11000
2189 9812 12001
2190 912 3102
2191 1912 4103
2192 2912 5104
2193 3912 6105
2194 4912 7106
2195 5912 8107
2196 6912 9108
2197 7912 10109
2198 8912 11110
2199 9912 12111
2200 22 2222
2201 1022 3223
2202 2022 4224
2203 3022 5225
2204 4022 6226
2205 5022 7227
2206 6022 8228
2207 7022 9229
2208 8022 10230
2209 9022 11231
2210 122 2332
2211 1122 3333
2212 2122 4334
2213 3122 5335
2214 4122 6336
2215 5122 7337
2216 6122 8338
2217 7122 9339
2218 8122 10340
2219 9122 11341
2220 222 2442
2221 1222 3443
2222 2222 4444
2223 3222 5445
2224 4222 6446
2225 5222 7447
2226 6222 8448
2227 7222 9449
2228 8222 10450
2229 9222 11451
2230 322 2552
2231 1322 3553
2232 2322 4554
2233 3322 5555
2234 4322 6556
2235 5322 7557
2236 6322 8558
2237 7322 9559
2238 8322 10560
2239 9322 11561
2240 422 2662
2241 1422 3663
2242 2422 4664
2243 3422 5665
2244 4422 6666
2245 5422 7667
2246 6422 8668
2247 7422 9669
2248 8422 10670
2249 9422 11671
2250 522 2772
2251 1522 3773
2252 2522 4774
2253 3522 5775
2254 4522 6776
2255 5522 7777
2256 6522 8778
2257 7522 9779
2258 8522 10780
2259 9522 11781
2260 622 2882
2261 1622 3883
2262 2622 4884
2263 3622 5885
2264 4622 6886
2265 5622 7887
2266 6622 8888
2267 7622 9889
2268 8622 10890
2269 9622 11891
2270 722 2992
2271 1722 3993
2272 2722 4994
2273 3722 5995
2274 4722 6996
2275 5722 7997
2276 6722 8998
2277 7722 9999
2278 8722 11000
2279 9722 12001
2280 822 3102
2281 1822 4103
2282 2822 5104
2283 3822 6105
2284 4822 7106
2285 5822 8107
2286 6822 9108
2287 7822 10109
2288 8822 11110
2289 9822 12111
2290 922 3212
2291 1922 4213
2292 2922 5214
2293 3922 6215
2294 4922 7216
2295 5922 8217
2296 6922 9218
2297 7922 10219
2298 8922 11220
2299 9922 12221
2300 32 2332
2301 1032 3333
2302 2032 4334
2303 3032 5335
2304 4032 6336
2305 5032 7337
2306 6032 8338
2307 7032 9339
2308 8032 10340
2309 9032 11341
2310 132 2442
2311 1132 3443
2312 2132 4444
2313 3132 5445
2314 4132 6446
2315 5132 7447
2316 6132 8448
2317 7132 9449
2318 8132 10450
2319 9132 11451
2320 232 2552
2321 1232 3553
2322 2232 4554
2323 3232 5555
2324 4232 6556
2325 5232 7557
2326 6232 8558
2327 7232 9559
2328 8232 10560
2329 9232 11561
2330 332 2662
2331 1332 3663
2332 2332 4664
2333 3332 5665
2334 4332 6666
2335 5332 7667
2336 6332 8668
2337 7332 9669
2338 8332 10670
2339 9332 11671
2340 432 2772
2341 1432 3773
2342 2432 4774
2343 3432 5775
2344 4432 6776
2345 5432 7777
2346 6432 8778
2347 7432 9779
2348 8432 10780
2349 9432 11781
2350 532 2882
2351 1532 3883
2352 2532 4884
2353 3532 5885
2354 4532 6886
2355 5532 7887
2356 6532 8888
2357 7532 9889
2358 8532 10890
2359 9532 11891
2360 632 2992
2361 1632 3993
2362 2632 4994
2363 3632 5995
2364 4632 6996
2365 5632 7997
2366 6632 8998
2367 7632 9999
2368 8632 11000
2369 9632 12001
2370 732 3102
2371 1732 4103
2372 2732 5104
2373 3732 6105
2374 4732 7106
2375 5732 8107
2376 6732 9108
2377 7732 10109
2378 8732 11110
2379 9732 12111
2380 832 3212
2381 1832 4213
2382 2832 5214
2383 3832 6215
2384 4832 7216
2385 5832 8217
2386 6832 9218
2387 7832 10219
2388 8832 11220
2389 9832 12221
2390 932 3322
2391 1932 4323
2392 2932 5324
2393 3932 6325
2394 4932 7326
2395 5932 8327
2396 6932 9328
2397 7932 10329
2398 8932 11330
2399 9932 12331
2400 42 2442
2401 1042 3443
2402 2042 4444
2403 3042 5445
2404 4042 6446
2405 5042 7447
2406 6042 8448
2407 7042 9449
2408 8042 10450
2409 9042 11451
2410 142 2552
2411 1142 3553
2412 2142 4554
2413 3142 5555
2414 4142 6556
2415 5142 7557
2416 6142 8558
2417 7142 9559
2418 8142 10560
2419 9142 11561
2420 242 2662
2421 1242 3663
2422 2242 4664
2423 3242 5665
2424 4242 6666
2425 5242 7667
2426 6242 8668
2427 7242 9669
2428 8242 10670
2429 9242 11671
2430 342 2772
2431 1342 3773
2432 2342 4774
2433 3342 5775
2434 4342 6776
2435 5342 7777
2436 6342 8778
2437 7342 9779
2438 8342 10780
2439 9342 11781
2440 442 2882
2441 1442 3883
2442 2442 4884
2443 3442 5885
2444 4442 6886
2445 5442 7887
2446 6442 8888
2447 7442 9889
2448 8442 10890
2449 9442 11891
2450 542 2992
2451 1542 3993
2452 2542 4994
2453 3542 5995
2454 4542 6996
2455 5542 7997
2456 6542 8998
2457 7542 9999
2458 8542 11000
2459 9542 12001
2460 642 3102
2461 1642 4103
2462 2642 5104
2463 3642 6105
2464 4642 7106
2465 5642 8107
2466 6642 9108
2467 7642 10109
2468 8642 11110
2469 9642 12111
2470 742 3212
2471 1742 4213
2472 2742 5214
2473 3742 6215
2474 4742 7216
2475 5742 8217
2476 6742 9218
2477 7742 10219
2478 8742 11220
2479 9742 12221
2480 842 3322
2481 1842 4323
2482 2842 5324
2483 3842 6325
2484 4842 7326
2485 5842 8327
2486 6842 9328
2487 7842 10329
2488 8842 11330
2489 9842 12331
2490 942 3432
2491 1942 4433
2492 2942 5434
2493 3942 6435
2494 4942 7436
2495 5942 8437
2496 6942 9438
2497 7942 10439
2498 8942 11440
2499 9942 12441
2500 52 2552
2501 1052 3553
2502 2052 4554
2503 3052 5555
2504 4052 6556
2505 5052 7557
2506 6052 8558
2507 7052 9559
2508 8052 10560
2509 9052 11561
2510 152 2662
2511 1152 3663
2512 2152 4664
2513 3152 5665
2514 4152 6666
2515 5152 7667
2516 6152 8668
2517 7152 9669
2518 8152 10670
2519 9152 11671
2520 252 2772
2521 1252 3773
2522 2252 4774
2523 3252 5775
2524 4252 6776
2525 5252 7777
2526 6252 8778
2527 7252 9779
2528 8252 10780
2529 9252 11781
2530 352 2882
2531 1352 3883
2532 2352 4884
2533 3352 5885
2534 4352 6886
2535 5352 7887
2536 6352 8888
2537 7352 9889
2538 8352 10890
2539 9352 11891
2540 452 2992
2541 1452 3993
2542 2452 4994
2543 3452 5995
2544 4452 6996
2545 5452 7997
2546 6452 8998
2547 7452 9999
2548 8452 11000
2549 9452 12001
2550 552 3102
2551 1552 4103
2552 2552 5104
2553 3552 6105
2554 4552 7106
2555 5552 8107
2556 6552 9108
2557 7552 10109
2558 8552 11110
2559 9552 12111
2560 652 3212
2561 1652 4213
2562 2652 5214
2563 3652 6215
2564 4652 7216
2565 5652 8217
2566 6652 9218
2567 7652 10219
2568 8652 11220
2569 9652 12221
2570 752 3322
2571 1752 4323
2572 2752 5324
2573 3752 6325
2574 4752 7326
2575 5752 8327
2576 6752 9328
2577 7752 10329
2578 8752 11330
2579 9752 12331
2580 852 3432
2581 1852 4433
2582 2852 5434
2583 3852 6435
2584 4852 7436
2585 5852 8437
2586 6852 9438
2587 7852 10439
2588 8852 11440
2589 9852 12441
2590 952 3542
2591 1952 4543
2592 2952 5544
2593 3952 6545
2594 4952 7546
2595 5952 8547
2596 6952 9548
2597 7952 10549
2598 8952 11550
2599 9952 12551
2600 62 2662
2601 1062 3663
2602 2062 4664
2603 3062 5665
2604 4062 6666
2605 5062 7667
2606 6062 8668
2607 7062 9669
2608 8062 10670
2609 9062 11671
2610 162 2772
2611 1162 3773
2612 2162 4774
2613 3162 5775
2614 4162 6776
2615 5162 7777
2616 6162 8778
2617 7162 9779
2618 8162 10780
2619 9162 11781
2620 262 2882
2621 1262 3883
2622 2262 4884
2623 3262 5885
2624 4262 6886
2625 5262 7887
2626 6262 8888
2627 7262 9889
2628 8262 10890
2629 9262 11891
2630 362 2992
2631 1362 3993
2632 2362 4994
2633 3362 5995
2634 4362 6996
2635 5362 7997
2636 6362 8998
2637 7362 9999
2638 8362 11000
2639 9362 12001
2640 462 3102
2641 1462 4103
2642 2462 5104
2643 3462 6105
2644 4462 7106
2645 5462 8107
2646 6462 9108
2647 7462 10109
2648 8462 11110
2649 9462 12111
2650 562 3212
2651 1562 4213
2652 2562 5214
2653 3562 6215
2654 4562 7216
2655 5562 8217
2656 6562 9218
2657 7562 10219
2658 8562 11220
2659 9562 12221
2660 662 3322
2661 1662 4323
2662 2662 5324
2663 3662 6325
2664 4662 7326
2665 5662 8327
2666 6662 9328
2667 7662 10329
2668 8662 11330
2669 9662 12331
2670 762 3432
2671 1762 4433
2672 2762 5434
2673 3762 6435
2674 4762 7436
2675 5762 8437
2676 6762 9438
2677 7762 10439
2678 8762 11440
2679 9762 12441
2680 862 3542
2681 1862 4543
2682 2862 5544
2683 3862 6545
2684 4862 7546
2685 5862 8547
2686 6862 9548
2687 7862 10549
2688 8862 11550
2689 9862 12551
2690 962 3652
2691 1962 4653
2692 2962 5654
2693 3962 6655
2694 4962 7656
2695 5962 8657
2696 6962 9658
2697 7962 10659
2698 8962 11660
2699 9962 12661
2700 72 2772
2701 1072 3773
2702 2072 4774
2703 3072 5775
2704 4072 6776
2705 5072 7777
2706 6072 8778
2707 7072 9779
2708 8072 10780
2709 9072 11781
2710 172 2882
2711 1172 3883
2712 2172 4884
2713 3172 5885
2714 4172 6886
2715 5172 7887
2716 6172 8888
2717 7172 9889
2718 8172 10890
2719 9172 11891
2720 272 2992
2721 1272 3993
2722 2272 4994
2723 3272 5995
2724 4272 6996
2725 5272 7997
2726 6272 8998
2727 7272 9999
2728 8272 11000
2729 9272 12001
2730 372 3102
2731 1372 4103
2732 2372 5104
2733 3372 6105
2734 4372 7106
2735 5372 8107
2736 6372 9108
2737 7372 10109
2738 8372 11110
2739 9372 12111
2740 472 3212
2741 1472 4213
2742 2472 5214
2743 3472 6215
2744 4472 7216
2745 5472 8217
2746 6472 9218
2747 7472 10219
2748 8472 11220
2749 9472 12221
2750 572 3322
2751 1572 4323
2752 2572 5324
2753 3572 6325
2754 4572 7326
2755 5572 8327
2756 6572 9328
2757 7572 10329
2758 8572 11330
2759 9572 12331
2760 672 3432
2761 1672 4433
2762 2672 5434
2763 3672 6435
2764 4672 7436
2765 5672 8437
2766 6672 9438
2767 7672 10439
2768 8672 11440
2769 9672 12441
2770 772 3542
2771 1772 4543
2772 2772 5544
2773 3772 6545
2774 4772 7546
2775 5772 8547
2776 6772 9548
2777 7772 10549
2778 8772 11550
2779 9772 12551
2780 872 3652
2781 1872 4653
2782 2872 5654
2783 3872 6655
2784 4872 7656
2785 5872 8657
2786 6872 9658
2787 7872 10659
2788 8872 11660
2789 9872 12661
2790 972 3762
2791 1972 4763
2792 2972 5764
2793 3972 6765
2794 4972 7766
2795 5972 8767
2796 6972 9768
2797 7972 10769
2798 8972 11770
2799 9972 12771
2800 82 2882
2801 1082 3883
2802 2082 4884
2803 3082 5885
2804 4082 6886
2805 5082 7887
2806 6082 8888
2807 7082 9889
2808 8082 10890
2809 9082 11891
2810 182 2992
2811 1182 3993
2812 2182 4994
2813 3182 5995
2814 4182 6996
2815 5182 7997
2816 6182 8998
2817 7182 9999
2818 8182 11000
2819 9182 12001
2820 282 3102
2821 1282 4103
2822 2282 5104
2823 3282 6105
2824 4282 7106
2825 5282 8107
2826 6282 9108
2827 7282 10109
2828 8282 11110
2829 9282 12111
2830 382 3212
2831 1382 4213
2832 2382 5214
2833 3382 6215
2834 4382 7216
2835 5382 8217
2836 6382 9218
2837 7382 10219
2838 8382 11220
2839 9382 12221
2840 482 3322
2841 1482 4323
2842 2482 5324
2843 3482 6325
2844 4482 7326
2845 5482 8327
2846 6482 9328
2847 7482 10329
2848 8482 11330
2849 9482 12331
